 0.0  0
 0.0006793478260869565  100
 0.004415760869565217  200
 0.007133152173913043  300
 0.019021739130434784  400
 0.020380434782608696  500
 0.026834239130434784  600
 0.014605978260869566  700
 0.012567934782608696  800
 0.015285326086956522  900
 0.017323369565217392  1000
 0.025475543478260868  1100
 0.022078804347826088  1200
 0.015625  1300
 0.02309782608695652  1400
 0.0234375  1500
 0.015285326086956522  1600
 0.01970108695652174  1700
 0.0234375  1800
 0.04585597826086957  1900
 0.018342391304347828  2000
 0.034646739130434784  2100
 0.02309782608695652  2200
 0.025815217391304348  2300
 0.025135869565217392  2400
 0.020380434782608696  2500
 0.03125  2600
 0.01188858695652174  2700
 0.018682065217391304  2800
 0.019021739130434784  2900
 0.018342391304347828  3000
 0.020720108695652172  3100
 0.021739130434782608  3200
 0.01936141304347826  3300
 0.018682065217391304  3400
 0.016304347826086956  3500
 0.0234375  3600
 0.016983695652173912  3700
 0.014945652173913044  3800
 0.01188858695652174  3900
 0.020720108695652172  4000
 0.019021739130434784  4100
 0.016983695652173912  4200
 0.020380434782608696  4300
 0.018682065217391304  4400
 0.022078804347826088  4500
 0.020380434782608696  4600
 0.020720108695652172  4700
 0.025135869565217392  4800
 0.016983695652173912  4900
 0.020720108695652172  5000
 0.020380434782608696  5100
 0.02309782608695652  5200
 0.017663043478260868  5300
 0.016644021739130436  5400
 0.028192934782608696  5500
 0.024116847826086956  5600
 0.014945652173913044  5700
 0.02377717391304348  5800
 0.025135869565217392  5900
 0.017323369565217392  6000
 0.016983695652173912  6100
 0.022418478260869564  6200
 0.024456521739130436  6300
 0.01936141304347826  6400
 0.014266304347826086  6500
 0.021059782608695652  6600
 0.019021739130434784  6700
 0.016644021739130436  6800
 0.022418478260869564  6900
 0.027853260869565216  7000
 0.018342391304347828  7100
 0.016304347826086956  7200
 0.01970108695652174  7300
 0.01970108695652174  7400
 0.02309782608695652  7500
 0.015285326086956522  7600
 0.020720108695652172  7700
 0.018342391304347828  7800
 0.018342391304347828  7900
 0.015285326086956522  8000
 0.020040760869565216  8100
 0.01970108695652174  8200
 0.014266304347826086  8300
 0.018342391304347828  8400
 0.017323369565217392  8500
 0.016304347826086956  8600
 0.018682065217391304  8700
 0.018682065217391304  8800
 0.018002717391304348  8900
 0.020380434782608696  9000
 0.019021739130434784  9100
 0.016644021739130436  9200
 0.017663043478260868  9300
 0.01188858695652174  9400
 0.014945652173913044  9500
 0.012567934782608696  9600
 0.017323369565217392  9700
 0.022418478260869564  9800
 0.017323369565217392  9900
 0.015625  10000
 0.01970108695652174  10100
 0.014605978260869566  10200
 0.018342391304347828  10300
 0.021059782608695652  10400
 0.018002717391304348  10500
 0.014945652173913044  10600
 0.018002717391304348  10700
 0.01970108695652174  10800
 0.014605978260869566  10900
 0.016644021739130436  11000
 0.01936141304347826  11100
 0.025815217391304348  11200
 0.016644021739130436  11300
 0.014945652173913044  11400
 0.01596467391304348  11500
 0.018002717391304348  11600
 0.017323369565217392  11700
 0.016644021739130436  11800
 0.016304347826086956  11900
 0.017323369565217392  12000
 0.020040760869565216  12100
 0.014945652173913044  12200
 0.025815217391304348  12300
 0.018342391304347828  12400
 0.017323369565217392  12500
 0.020380434782608696  12600
 0.017663043478260868  12700
 0.019021739130434784  12800
 0.018002717391304348  12900
 0.020380434782608696  13000
 0.022418478260869564  13100
 0.01970108695652174  13200
 0.014605978260869566  13300
 0.01596467391304348  13400
 0.016304347826086956  13500
 0.014266304347826086  13600
 0.012228260869565218  13700
 0.01358695652173913  13800
 0.011209239130434782  13900
 0.013247282608695652  14000
 0.01936141304347826  14100
 0.019021739130434784  14200
 0.022758152173913044  14300
 0.018682065217391304  14400
 0.01936141304347826  14500
 0.017663043478260868  14600
 0.014945652173913044  14700
 0.012907608695652174  14800
 0.018342391304347828  14900
 0.017323369565217392  15000
 0.018682065217391304  15100
 0.016983695652173912  15200
 0.018002717391304348  15300
 0.015625  15400
 0.01596467391304348  15500
 0.016983695652173912  15600
 0.012567934782608696  15700
 0.016983695652173912  15800
 0.019021739130434784  15900
 0.016304347826086956  16000
 0.014605978260869566  16100
 0.018342391304347828  16200
 0.019021739130434784  16300
 0.026834239130434784  16400
 0.018002717391304348  16500
 0.016644021739130436  16600
 0.016983695652173912  16700
 0.018002717391304348  16800
 0.015625  16900
 0.022418478260869564  17000
 0.024116847826086956  17100
 0.021399456521739132  17200
 0.018682065217391304  17300
 0.022758152173913044  17400
 0.022758152173913044  17500
 0.015285326086956522  17600
 0.01936141304347826  17700
 0.018342391304347828  17800
 0.01970108695652174  17900
 0.018682065217391304  18000
 0.01936141304347826  18100
 0.017323369565217392  18200
 0.015625  18300
 0.018342391304347828  18400
 0.01936141304347826  18500
 0.021739130434782608  18600
 0.01970108695652174  18700
 0.021739130434782608  18800
 0.020380434782608696  18900
 0.018682065217391304  19000
 0.016304347826086956  19100
 0.021399456521739132  19200
 0.018682065217391304  19300
 0.020380434782608696  19400
 0.016304347826086956  19500
 0.018342391304347828  19600
 0.019021739130434784  19700
 0.02377717391304348  19800
 0.020720108695652172  19900
