 0.3335597826086957  0
 0.022418478260869564  100
 0.05332880434782609  200
 0.09816576086956522  300
 0.08695652173913043  400
 0.10258152173913043  500
 0.13111413043478262  600
 0.13722826086956522  700
 0.11379076086956522  800
 0.12737771739130435  900
 0.09918478260869565  1000
 0.11956521739130435  1100
 0.09578804347826086  1200
 0.09171195652173914  1300
 0.1297554347826087  1400
 0.10869565217391304  1500
 0.13417119565217392  1600
 0.08457880434782608  1700
 0.11650815217391304  1800
 0.11277173913043478  1900
 0.12703804347826086  2000
 0.15760869565217392  2100
 0.09646739130434782  2200
 0.1487771739130435  2300
 0.09476902173913043  2400
 0.11209239130434782  2500
 0.15013586956521738  2600
 0.13111413043478262  2700
 0.14198369565217392  2800
 0.12330163043478261  2900
 0.1375679347826087  3000
 0.16032608695652173  3100
 0.1565896739130435  3200
 0.17629076086956522  3300
 0.13077445652173914  3400
 0.17289402173913043  3500
 0.13485054347826086  3600
 0.13009510869565216  3700
 0.1827445652173913  3800
 0.12364130434782608  3900
 0.1559103260869565  4000
 0.15081521739130435  4100
 0.17425271739130435  4200
 0.1409646739130435  4300
 0.15047554347826086  4400
 0.1375679347826087  4500
 0.15115489130434784  4600
 0.12567934782608695  4700
 0.140625  4800
 0.15625  4900
 0.14436141304347827  5000
 0.15964673913043478  5100
 0.14911684782608695  5200
 0.14707880434782608  5300
 0.14504076086956522  5400
 0.15353260869565216  5500
 0.1644021739130435  5600
 0.14300271739130435  5700
 0.16338315217391305  5800
 0.14436141304347827  5900
 0.13790760869565216  6000
 0.15421195652173914  6100
 0.12330163043478261  6200
 0.15013586956521738  6300
 0.1484375  6400
 0.14334239130434784  6500
 0.16779891304347827  6600
 0.13960597826086957  6700
 0.15557065217391305  6800
 0.13213315217391305  6900
 0.12466032608695653  7000
 0.13349184782608695  7100
 0.1324728260869565  7200
 0.15047554347826086  7300
 0.1324728260869565  7400
 0.13552989130434784  7500
 0.1565896739130435  7600
 0.14402173913043478  7700
 0.12737771739130435  7800
 0.15794836956521738  7900
 0.13688858695652173  8000
 0.14334239130434784  8100
 0.1565896739130435  8200
 0.15421195652173914  8300
 0.1484375  8400
 0.1436820652173913  8500
 0.15285326086956522  8600
 0.1793478260869565  8700
 0.12839673913043478  8800
 0.13994565217391305  8900
 0.15013586956521738  9000
 0.15557065217391305  9100
 0.14436141304347827  9200
 0.14741847826086957  9300
 0.1436820652173913  9400
 0.14232336956521738  9500
 0.1402853260869565  9600
 0.1328125  9700
 0.13994565217391305  9800
 0.14605978260869565  9900
 0.13043478260869565  10000
 0.14775815217391305  10100
 0.13654891304347827  10200
 0.13417119565217392  10300
 0.16576086956521738  10400
 0.15217391304347827  10500
 0.14775815217391305  10600
 0.11514945652173914  10700
 0.13179347826086957  10800
 0.13417119565217392  10900
 0.13688858695652173  11000
 0.1331521739130435  11100
 0.15013586956521738  11200
 0.13722826086956522  11300
 0.14911684782608695  11400
 0.13654891304347827  11500
 0.11922554347826086  11600
 0.13722826086956522  11700
 0.13111413043478262  11800
 0.1480978260869565  11900
 0.12737771739130435  12000
 0.13179347826086957  12100
 0.15896739130434784  12200
 0.15115489130434784  12300
 0.1358695652173913  12400
 0.13485054347826086  12500
 0.1280570652173913  12600
 0.1331521739130435  12700
 0.12873641304347827  12800
 0.14402173913043478  12900
 0.12669836956521738  13000
 0.13552989130434784  13100
 0.14334239130434784  13200
 0.13519021739130435  13300
 0.15217391304347827  13400
 0.1297554347826087  13500
 0.13824728260869565  13600
 0.12941576086956522  13700
 0.12567934782608695  13800
 0.13722826086956522  13900
 0.12160326086956522  14000
 0.14673913043478262  14100
 0.14775815217391305  14200
 0.140625  14300
 0.15081521739130435  14400
 0.13858695652173914  14500
 0.1436820652173913  14600
 0.1402853260869565  14700
 0.13009510869565216  14800
 0.13960597826086957  14900
 0.13994565217391305  15000
 0.14198369565217392  15100
 0.1402853260869565  15200
 0.1297554347826087  15300
 0.14911684782608695  15400
 0.13043478260869565  15500
 0.13179347826086957  15600
 0.12839673913043478  15700
 0.13519021739130435  15800
 0.13451086956521738  15900
 0.140625  16000
 0.1402853260869565  16100
 0.13417119565217392  16200
 0.1358695652173913  16300
 0.14232336956521738  16400
 0.12194293478260869  16500
 0.13519021739130435  16600
 0.12364130434782608  16700
 0.1766304347826087  16800
 0.12839673913043478  16900
 0.12703804347826086  17000
 0.1358695652173913  17100
 0.1324728260869565  17200
 0.14164402173913043  17300
 0.14673913043478262  17400
 0.13688858695652173  17500
 0.14707880434782608  17600
 0.12228260869565218  17700
 0.14504076086956522  17800
 0.12398097826086957  17900
 0.14130434782608695  18000
 0.12398097826086957  18100
 0.16338315217391305  18200
 0.13722826086956522  18300
 0.15285326086956522  18400
 0.14572010869565216  18500
 0.1436820652173913  18600
 0.13349184782608695  18700
 0.13451086956521738  18800
 0.12941576086956522  18900
 0.12873641304347827  19000
 0.14198369565217392  19100
 0.1328125  19200
 0.1480978260869565  19300
 0.12262228260869565  19400
 0.13519021739130435  19500
 0.13009510869565216  19600
 0.12873641304347827  19700
 0.12669836956521738  19800
 0.13722826086956522  19900
