 0.0033967391304347825  0
 0.19735054347826086  100
 0.18817934782608695  200
 0.10020380434782608  300
 0.05366847826086957  400
 0.08016304347826086  500
 0.08865489130434782  600
 0.08084239130434782  700
 0.07201086956521739  800
 0.06895380434782608  900
 0.08355978260869565  1000
 0.08491847826086957  1100
 0.08457880434782608  1200
 0.0703125  1300
 0.09103260869565218  1400
 0.08389945652173914  1500
 0.09544836956521739  1600
 0.08491847826086957  1700
 0.08118206521739131  1800
 0.12194293478260869  1900
 0.11243206521739131  2000
 0.09850543478260869  2100
 0.07608695652173914  2200
 0.10971467391304347  2300
 0.10461956521739131  2400
 0.12126358695652174  2500
 0.07880434782608696  2600
 0.08016304347826086  2700
 0.11786684782608696  2800
 0.1015625  2900
 0.10767663043478261  3000
 0.08220108695652174  3100
 0.11514945652173914  3200
 0.13688858695652173  3300
 0.13485054347826086  3400
 0.10224184782608696  3500
 0.09001358695652174  3600
 0.10529891304347826  3700
 0.14470108695652173  3800
 0.1453804347826087  3900
 0.13077445652173914  4000
 0.10869565217391304  4100
 0.15115489130434784  4200
 0.14605978260869565  4300
 0.11684782608695653  4400
 0.13688858695652173  4500
 0.1402853260869565  4600
 0.10733695652173914  4700
 0.09137228260869565  4800
 0.11141304347826086  4900
 0.13417119565217392  5000
 0.11073369565217392  5100
 0.09646739130434782  5200
 0.1409646739130435  5300
 0.11548913043478261  5400
 0.11854619565217392  5500
 0.11345108695652174  5600
 0.140625  5700
 0.15013586956521738  5800
 0.12839673913043478  5900
 0.15421195652173914  6000
 0.12160326086956522  6100
 0.11039402173913043  6200
 0.10733695652173914  6300
 0.12771739130434784  6400
 0.11548913043478261  6500
 0.12058423913043478  6600
 0.11480978260869565  6700
 0.11175271739130435  6800
 0.14266304347826086  6900
 0.10461956521739131  7000
 0.13077445652173914  7100
 0.14707880434782608  7200
 0.14911684782608695  7300
 0.14300271739130435  7400
 0.10835597826086957  7500
 0.12907608695652173  7600
 0.13824728260869565  7700
 0.10971467391304347  7800
 0.12669836956521738  7900
 0.10394021739130435  8000
 0.13213315217391305  8100
 0.1640625  8200
 0.10461956521739131  8300
 0.13451086956521738  8400
 0.11888586956521739  8500
 0.11175271739130435  8600
 0.11277173913043478  8700
 0.11990489130434782  8800
 0.15081521739130435  8900
 0.140625  9000
 0.13145380434782608  9100
 0.1484375  9200
 0.11311141304347826  9300
 0.10020380434782608  9400
 0.1484375  9500
 0.11956521739130435  9600
 0.11073369565217392  9700
 0.10903532608695653  9800
 0.15183423913043478  9900
 0.15625  10000
 0.14198369565217392  10100
 0.14605978260869565  10200
 0.11379076086956522  10300
 0.1324728260869565  10400
 0.15455163043478262  10500
 0.1297554347826087  10600
 0.11447010869565218  10700
 0.13043478260869565  10800
 0.15353260869565216  10900
 0.12296195652173914  11000
 0.12669836956521738  11100
 0.10631793478260869  11200
 0.12601902173913043  11300
 0.13654891304347827  11400
 0.1280570652173913  11500
 0.12092391304347826  11600
 0.14266304347826086  11700
 0.14300271739130435  11800
 0.16949728260869565  11900
 0.14300271739130435  12000
 0.12296195652173914  12100
 0.1280570652173913  12200
 0.13417119565217392  12300
 0.12703804347826086  12400
 0.11379076086956522  12500
 0.11345108695652174  12600
 0.1324728260869565  12700
 0.14436141304347827  12800
 0.12873641304347827  12900
 0.12330163043478261  13000
 0.1375679347826087  13100
 0.14164402173913043  13200
 0.13688858695652173  13300
 0.14741847826086957  13400
 0.11243206521739131  13500
 0.12364130434782608  13600
 0.15387228260869565  13700
 0.1331521739130435  13800
 0.1171875  13900
 0.12194293478260869  14000
 0.14741847826086957  14100
 0.11956521739130435  14200
 0.12466032608695653  14300
 0.12228260869565218  14400
 0.13179347826086957  14500
 0.11514945652173914  14600
 0.11786684782608696  14700
 0.10495923913043478  14800
 0.10326086956521739  14900
 0.13960597826086957  15000
 0.12567934782608695  15100
 0.09612771739130435  15200
 0.12771739130434784  15300
 0.11480978260869565  15400
 0.13620923913043478  15500
 0.10903532608695653  15600
 0.10461956521739131  15700
 0.12771739130434784  15800
 0.11005434782608696  15900
 0.11311141304347826  16000
 0.12601902173913043  16100
 0.10665760869565218  16200
 0.14436141304347827  16300
 0.11582880434782608  16400
 0.11447010869565218  16500
 0.12771739130434784  16600
 0.11956521739130435  16700
 0.13451086956521738  16800
 0.1324728260869565  16900
 0.15251358695652173  17000
 0.13179347826086957  17100
 0.13009510869565216  17200
 0.11786684782608696  17300
 0.11073369565217392  17400
 0.11311141304347826  17500
 0.10597826086956522  17600
 0.11311141304347826  17700
 0.10869565217391304  17800
 0.11345108695652174  17900
 0.11073369565217392  18000
 0.10054347826086957  18100
 0.12907608695652173  18200
 0.12907608695652173  18300
 0.10563858695652174  18400
 0.13043478260869565  18500
 0.12024456521739131  18600
 0.125  18700
 0.1297554347826087  18800
 0.10461956521739131  18900
 0.11786684782608696  19000
 0.11175271739130435  19100
 0.12058423913043478  19200
 0.12907608695652173  19300
 0.10835597826086957  19400
 0.11379076086956522  19500
 0.13417119565217392  19600
 0.11175271739130435  19700
 0.11548913043478261  19800
 0.11684782608695653  19900
